label: "Mynteye"
id: 1
cameras:
- camera:
    label: cam0
    id: 1
    line-delay-nanoseconds: 0
    image_height: 720
    image_width: 1280
    type: pinhole
    intrinsics:
      cols: 1
      rows: 4
      data: [707.2375688268369, 705.2374552575618, 638.6296052321342, 332.3335236523475]
    distortion:
      type: equidistant
      parameters:
        cols: 1
        rows: 4
        data: [-0.04125287894357967, -0.10430111971534796, 0.13002297108519664, -0.05433075007657478]
  T_B_C:
    cols: 4
    rows: 4
    data: [0.99997883,  0.00287031, -0.00583878, -0.04854064,
           0.0028467,  -0.99998776, -0.00404681,  0.00418338,
           -0.00585033,  0.0040301,  -0.99997477, -0.08493324,
           0.0, 0.0, 0.0, 1.0]
imu_params:
  delay_imu_cam: 0.00071748170459
  max_imu_delta_t: 0.01
  acc_max: 176.0
  omega_max: 7.8
  sigma_omega_c: 1.7721766676882182e-03
  sigma_acc_c: 1.8474064476381065e-02
  sigma_omega_bias_c: 1.9751021257613059e-05
  sigma_acc_bias_c: 2.4163387206420131e-04
  sigma_integration: 0.0
  g: 9.8082
  imu_rate: 200

imu_initialization:
  velocity: [0.0, 0, 0.0]
  omega_bias: [0.0, 0, 0.0]
  acc_bias: [0.0, 0.0, 0.0]
  velocity_sigma: 2.0
  omega_bias_sigma: 0.01
  acc_bias_sigma: 0.1
